15 30 4

0 241 188 222 200 228 240 100 200 187 120 184 170 242 190
241 0 156 244 185 132 148 230 210 177 154 221 170 167 125
188 156 0 184 217 161 171 222 165 211 241 219 204 132 161
222 244 184 0 236 238 152 221 129 196 188 224 229 114 205
200 185 217 236 0 247 120 202 117 146 183 126 242 231 231
228 132 161 238 247 0 178 142 175 217 241 169 226 102 213
240 148 171 152 120 178 0 151 151 193 211 243 242 146 236
100 230 222 221 202 142 151 0 198 152 124 189 152 220 154
200 210 165 129 117 175 151 198 0 217 183 161 130 148 129
187 177 211 196 146 217 193 152 217 0 193 204 176 244 155
120 154 241 188 183 241 211 124 183 193 0 200 242 217 184
184 221 219 224 126 169 243 189 161 204 200 0 214 151 227
170 170 204 229 242 226 242 152 130 176 242 214 0 155 112
242 167 132 114 231 102 146 220 148 244 217 151 155 0 208
190 125 161 205 231 213 236 154 129 155 184 227 112 208 0

0 212 114 240 234 224 104 222 121 239 204 236 217 187 146
212 0 195 184 185 186 215 141 233 127 181 240 210 220 160
114 195 0 151 224 200 209 123 249 207 145 170 144 125 200
240 184 151 0 137 111 223 228 244 142 223 121 123 115 135
234 185 224 137 0 138 148 226 148 155 215 129 171 219 217
224 186 200 111 138 0 123 172 196 180 101 115 183 109 163
104 215 209 223 148 123 0 100 246 189 203 189 169 144 135
222 141 123 228 226 172 100 0 134 114 206 189 127 186 136
121 233 249 244 148 196 246 134 0 128 144 238 113 207 131
239 127 207 142 155 180 189 114 128 0 237 164 141 202 227
204 181 145 223 215 101 203 206 144 237 0 120 111 126 198
236 240 170 121 129 115 189 189 238 164 120 0 103 192 200
217 210 144 123 171 183 169 127 113 141 111 103 0 146 179
187 220 125 115 219 109 144 186 207 202 126 192 146 0 179
146 160 200 135 217 163 135 136 131 227 198 200 179 179 0

0 3 768 866 0 857
0 2 577 274 857 1714
1 14 263 379 0 857
1 4 656 511 0 857
2 12 769 356 0 857
2 10 495 307 1714 2572
3 0 850 753 1714 2572
3 12 859 419 0 857
4 7 579 737 1714 2572
4 0 788 477 0 857
5 11 382 411 857 1714
5 9 705 667 857 1714
6 0 751 326 1714 2572
6 3 374 640 857 1714
7 8 524 418 1714 2572
7 2 774 409 1714 2572
8 12 442 375 1714 2572
8 2 454 609 1714 2572
9 13 681 556 857 1714
9 7 364 397 1714 2572
10 11 757 445 1714 2572
10 13 786 488 1714 2572
11 8 606 697 0 857
11 9 612 532 857 1714
12 8 365 376 1714 2572
12 2 721 522 1714 2572
13 4 472 681 1714 2572
13 12 496 435 857 1714
14 4 624 693 0 857
14 13 654 362 0 857

0 0
100 37
78 17
92 35
158 32
94 13
99 32
150 41
83 18
77 10
50 58
76 51
71 28
100 13
153 56