5 10 4

0 215 203 200 173
215 0 127 237 126
203 127 0 128 194
200 237 128 0 245
173 126 194 245 0

0 177 196 234 200
177 0 223 199 151
196 223 0 113 102
234 199 113 0 194
200 151 102 194 0

0 3 404 875 590 885
0 3 437 747 590 885
1 3 488 563 295 590
1 3 490 782 590 885
2 3 434 232 590 885
2 1 480 660 0 295
3 1 664 740 0 295
3 0 721 497 590 885
4 3 765 544 0 295
4 2 587 298 0 295

0 0
195 26
94 32
93 53
81 27